9830.98
1900.1
7700.4
3871.17
9278.45
1956.15
1928.97
7755.67
3122.08
6309.58
3535.7
8872.9
2654.29
3536.67
9742.35
8301.28
8896.58
2864.72
1212.76
277.02
3201.4
4124.44
17.08
8576.48
4456.88
982.32
2451.74
9244.14
980.05
4104.99
7293.32
134.31
7438.49
5750.34
478.97
4340.78
2705.98
58.91
2181.49
1494.45
9185.87
5573.77
5442.1
5698.76
9090.97
7567.32
3291.83
2246.5
9016.42
6929.48
5865.56
4016.68
2427.57
1547.23
4209.16
6187.99
7494.65
9945.05
9901.27
950.2
5145.11
853.83
6510.24
6198.35
5543.41
2896.09
68.79
3009.21
6433.14
8655.3
1568.27
5984.62
481.18
4918.03
4090.56
1699.47
5499.56
848.4
7945.6
1348.62
5201.71
958.26
1740.64
6587.73
5727.09
1672.79
2687.98
8357.69
1507.71
4268.15
9351.18
2740.93
4527.72
3848.29
7093.2
1533.83
4815.83
826.14
2974.65
2363.78
252.48
164.46
1737.01
840.68
8844.6
1315.31
5590.68
8348.03
9605.6
4517.31
4437.16
2735.81
97.07
3933.31
8759.5
9166.17
8068.87
4218.11
3406.8
788.47
960.18
3740.53
3110.66
4436.92
6844.31
9556.99
2823.63
2783.84
7261.98
2316.37
822.19
4149.65
4272.55
2698.7
7968.85
4211.32
5725.08
5577.97
9911.02
530.96
9707.05
2612.4
8200.17
3904.16
6962.68
3271.67
1181.41
8692.61
4371.87
9984.71
3489.33
8699.42
5419.68
1569.64
2768.48
7634.52
3143.01
3521.72
3833.83
95.86
9950.6
6025.81
3826.5
1251.1
6459.08
8386.89
1578.03
3058.95
121.14
914.3
4199.25
4382.96
6007.06
9172.2
5999.3
432.03
3625.14
5482.1
8442.48
4928.24
5509.05
3104.02
3145.25
2776.22
2188.97
6581.04
4376.61
2040.08
6776.98
4693.15
7080.81
5894.67
7921.68
5710.98
3818.12
9252.45
2229.11
9888
8683.72
76.4
6091.28
8065.88
6649.62
8564.79
9384.06
9466.23
9727.81
2731.75
2746.15
5930.71
3032.28
30.23
1377.62
5693.99
8971.95
701.99
6204.14
34.25
4128.77
7443.11
1762.44
765.08
8891.37
8958.43
8753.53
2473.18
7262.65
5863.08
5336.57
2367.13
998.83
2068.66
926.38
7781.56
2451.03
3144.09
2510.54
3436.08
6068.31
1505.98
5682.67
4193.96
2574.43
9039.2
9142.2
6952.94
5190.82
7202.91
8687.26
5255.44
6995.46
7124.55
7104.81
856.57
3792.48
6094.18
2772.49
216
9825.13
8886.8
4940.99
7160.44
8163.19
2565.49
946.16
7267.36
2030.13
1805.09
5546.96
3036.38
2925.44
4546.89
7356.13
9024.1
3067.49
9642.91
2833.18
4964.43
1007.68
4855.08
5449.06
1086.33
4451.21
3187.48
4437.06
6566.03
6208.56
4971.2
6314.61
7687.89
9248.32
8912.14
932.79
7996.68
7458
916.09
8580.97
8437.34
5368.67
6897.71
8026.56
1732.26
1390.3
1383.82
1695.28
9292.2
3713.76
9807.47
2046.16
5469.91
7720.3
2947.47
4726.14
133.08
8453.67
632.68
3391.84
4935.35
1727.88
69.69
3931.37
7618.06
9689.08
2339.33
5376.06
3242.37
4269.07
986.6
2447.6
862.9
4869.44
2356.23
2073.5
6288.25
9297.81
8072.44
3353.15
1519.07
1571.96
2819.79
1288.7
8301.68
7242.71
9820.68
9329.54
113.48
1926.18
4256.41
3617.63
9254.81
5604.27
2253.02
6820.17
5307.45
9862.87
3041.28
3179.88
9863.07
8713.09
4430.53
6927.36
6265.28
3455.33
2969
1664.67
6654.08
9121.91
6061.4
5355.87
6907.95
3762.34
7574.79
1237.84
1287.63
5993.81
2379.98
1898.72
7747.5
4217.32
3822.32
1292.55
8604.03
2499.32
3480.97
2947.47
286.87
946.26
6976.1
3388.56
1641.4
4375.19
7.98
7960.95
1893.99
4721.9
1288.89
4055.88
2467.57
3832.44
3957.85
8038.53
9063.22
7101.56
3148.68
3578.37
9778.04
8571.85
453.94
6214.53
8700.51
3927.97
1613.94
5104.22
7201.09
1799.99
8390.18
1724.1
8503.67
2060.66
2028
9338.63
9679.12
9296.39
6561
2425.32
1838.51
2472.47
2624.12
6180.5
9587.42
3297.81
1945.23
7917.2
2670.45
8379.01
9141.87
7012.33
1797.84
6432.21
6767.4
6835.57
1591.15
5308.94
7735.41
4493.22
5230.18
2007.22
3396.72
3940.8
8390.02
6111
9279.73
4164.85
2582.47
3751.17
6201.73
7454.26
8634.21
7184.72
1178.29
3737.31
8891.09
4800.67
1841.74
6255.9
8563.03
3575.75
2783.58
6891.66
2622.27
5285.97
6780.29
4022.21
5540.24
2528.03
2654.62
5381.73
828.98
1216.34
8712.16
5303.69
5051.12
9082.92
9842.18
8709.42
6866.16
8323.6
9966.93
9169.08
1078.13
8936.05
4334.58
2521.45
2964.77
2215.04
8388.57
7593.43
5883.76
1704.44
8966.6
3332.75
9088.69
9431.61
2735.56
3265.59
6480.44
6250.83
1703.88
5185.83
8887.02
4113.83
3781.79
1289.24
644.54
5537.8
4212.59
3980.97
3002.1
1368.18
9573.73
7496.17
1838.1
2332.48
4332.69
5129.13
449.06
7762.14
5110.86
5103.04
1672.4
8440.67
727.36
7668.49
1216.97
6246.73
4997.53
2380.81
5024.75
4381.44
4553.24
6472.28
736.9
4211.53
4526.88
1826.3
91.52
2593.62
4186.74
4693.84
8192.71
7872.82
5496
6679.3
9622.88
2671.41
3912.42
1334.18
7560.19
3173.71
484.01
1050.74
6384.25
3526.2
7717.31
264.62
7565.06
3486.94
5813
5201.93
8138.22
3471.51
6028.87
6651.51
8696.45
3737.7
8641.81
7755.42
6168.98
1525.04
5809.65
5334.68
3978.5
219.72
247.87
7162.08
3857.64
6222.05
7305.05
5252.7
16.64
4958.9
5041.38
9933.76
4047.82
7778.54
98.58
5266.35
8735.39
942.62
3580.27
3488.27
9493.93
4296.44
8504.11
8093.55
1582.68
4887.74
4604.6
9139.21
5570.28
6813.99
4496.14
1030.09
333.42
1073.92
4447.36
7308.9
5656.07
5455.79
8087.94
5367.57
1465.18
764.98
9569.37
4522.78
3066.94
7542.32
6593.62
8303.62
6329.03
3311.2
8937.99
971.54
9806.7
1593.42
2518.95
2905.85
8177.98
2458.02
2457.07
6547.5
8918.75
5167.16
1150.73
4551.31
6452.04
3603.58
1598.14
6136.91
2575.83
8361.87
1895.72
5649.22
9863
1006.82
1608.17
3562.25
108.62
1907.88
4588.83
6929.97
6420.94
8929.2
1416.85
2269.58
2922.76
9243.45
9058.24
1117.98
2395.55
207.29
5884.71
3741.37
750.74
2848.82
6687.99
2317.84
1601.18
3033.7
1173.71
2433.64
7771.15
8641
6036.33
2826.33
2814.73
4420.14
2183.88
3502.18
6752.48
9325.2
7149.2
5295.69
4803.8
9035.22
1258.83
2479.45
4319.63
9953.83
5495.91
2759.67
170.44
7424.44
1751.93
9836.08
1908.36
8828.28
3386.41
9185.59
9766.61
8484.3
4511.54
6457.77
5033.37
2047.38
1020.28
9007.49
6812.1
9574.56
2615.4
5049.56
4516.96
2892.47
9194.11
2248.77
34.6
6482.42
8069.14
1564.21
6922.32
9687.82
9646.91
325.63
2944.73
7858.97
5133.16
4175.53
1110.65
3392.05
7282.93
9003.62
2298.12
1270.99
3272.53
8773.17
223.16
3455.64
3076.8
7315.13
2892.2
4161.17
4002.83
269.79
2590.35
4471.83
9302.61
3752.92
746.26
177.21
4190.8
2185.41
8436.53
6646.32
8181.56
7121.38
7823.38
5200.74
9315.97
2387.57
4030.72
5497.45
4669.78
4301.51
1661.82
13.15
1881.62
500.43
1475.78
9545.06
3659.61
1757.21
6375.42
4091.02
427.88
4375.34
4689
3422.85
6245.33
4771.27
7334.76
9550.76
8015.17
9792.32
4379.54
3297.6
2244.19
2423.32
2471.47
4236.74
4742.92
807.81
7812.09
5803.41
8438.34
1883.94
7606.41
3583.61
3545.85
8189.41
3743.93
249.37
1536.26
8403.69
586.06
7778.22
4452
9729.9
2550.18
1668.68
6723.55
8234.46
7832.51
8366.05
8933.32
9562.75
4195.48
5712.63
1320.38
5537.15
5940.53
469.27
8193.96
407.91
4324.95
680.13
3574.18
3805.43
917.09
9268.23
8627.46
4577.76
3395.47
8849.33
1482.82
2917.92
4347.76
9729.43
3726.07
7665.9
3546.25
7646.65
9532.88
7372.75
3433.23
8860.01
6848.13
1687.77
7278.77
2477.9
2369.52
7818.08
733.47
9007.7
7421.76
4177.07
2789.28
9421.16
562.18
344.93
5160.99
622.5
597.43
266.92
9801.36
1383.39
4433.66
2196.89
4668.82
8880.8
1224.93
2200.54
4339.44
9129.58
6526.33
6907.22
9696.54
839.86
6477.68
6578.59
273.97
9873.64
6608.83
5041.74
9290.06
3209.45
6451.19
3154.46
2396.07
7595.42
7020.33
9048.84
9801.61
3461.83
7710.31
2557.54
93.97
8717.94
8646.79
3948.21
7560.5
6076.79
2851.15
8599.96
7928.32
9753.81
1786.01
8399.9
4663.02
3393.33
9658.69
5850.37
9291.5
7855.64
426.05
4164.85
2109.02
8203.57
3385.24
7821.99
5642.67
538.54
5935.86
1914.49
6007.61
7337.26
4468.46
371.44
2065.54
9737.67
4385.42
8344.06
6682.18
361.3
4587.17
9356.49
3924.2
2816.63
3810.77
4093.17
312.99
4445.75
3896.35
9799.63
6215.98
3826.71
9255.9
1832.71
3036.75
7199.65
3262.64
7959.02
7459.66
7432.13
6556.36
2485.5
3095.61
5829.59
606.5
1025.02
3814.23
2470.48
2438.8
5423.05
3880.29
4289.67
4903.43
6020.16
88.15
9354.34
1310.5
1556.51
380.81
1491.21
6603.23
9001.71
4936.2
7244.28
2250.07
8401.02
5130.79
7602.74
4286.22
6927.56
754.69
5750.71
3713.59
4629.99
6358.73
6866.41
8212.93